&input
  asr = 'crystal'
  amass(1)=55.845
  flfrc = 'Fe444.fc'
  flfrq = 'Fe444.freq'
  la2F = .true.
  dos=.false.
/  
      77
      0.00      1.00      0.00
      0.05      0.95      0.05
      0.10      0.90      0.10
      0.15      0.85      0.15
      0.20      0.80      0.20
      0.25      0.75      0.25
      0.30      0.70      0.30
      0.35      0.65      0.35
      0.40      0.60      0.40
      0.45      0.55      0.45
      0.50      0.50      0.50
      0.50      0.50      0.50
      0.45      0.45      0.45
      0.40      0.40      0.40
      0.35      0.35      0.35
      0.30      0.30      0.30
      0.25      0.25      0.25
      0.20      0.20      0.20
      0.15      0.15      0.15
      0.10      0.10      0.10
      0.05      0.05      0.05
      0.00      0.00      0.00
      0.00      0.00      0.00
      0.00      0.10      0.00
      0.00      0.20      0.00
      0.00      0.30      0.00
      0.00      0.40      0.00
      0.00      0.50      0.00
      0.00      0.60      0.00
      0.00      0.70      0.00
      0.00      0.80      0.00
      0.00      0.90      0.00
      0.00      1.00      0.00
      0.00      1.00      0.00
      0.05      0.95      0.00
      0.10      0.90      0.00
      0.15      0.85      0.00
      0.20      0.80      0.00
      0.25      0.75      0.00
      0.30      0.70      0.00
      0.35      0.65      0.00
      0.40      0.60      0.00
      0.45      0.55      0.00
      0.50      0.50      0.00
      0.50      0.50      0.00
      0.50      0.50      0.05
      0.50      0.50      0.10
      0.50      0.50      0.15
      0.50      0.50      0.20
      0.50      0.50      0.25
      0.50      0.50      0.30
      0.50      0.50      0.35
      0.50      0.50      0.40
      0.50      0.50      0.45
      0.50      0.50      0.50
      0.50      0.50      0.50
      0.50      0.50      0.45
      0.50      0.50      0.40
      0.50      0.50      0.35
      0.50      0.50      0.30
      0.50      0.50      0.25
      0.50      0.50      0.20
      0.50      0.50      0.15
      0.50      0.50      0.10
      0.50      0.50      0.05
      0.50      0.50      0.00
      0.50      0.50      0.00
      0.45      0.45      0.00
      0.40      0.40      0.00
      0.35      0.35      0.00
      0.30      0.30      0.00
      0.25      0.25      0.00
      0.20      0.20      0.00
      0.15      0.15      0.00
      0.10      0.10      0.00
      0.05      0.05      0.00
      0.00      0.00      0.00
